Bin Start
001, 2008-11-27 22:26:00, 0,0,0,600,600,0,0,0,0,0,0,0,0, Video OK
002, 2008-101-27 22:26:00, 4,67,1,249,251,4,0,0,67,0,0,0,0, Video OK
003, 2008-11-27 22:26:00, 4,72,0,199,201,4,0,0,72,0,0,0,0, Video OK
004, 2008-11-27 22:26:00, 4,78,1,206,207,4,0,0,78,0,0,0,0, Video OK
001, 2008-11-27 22:27:00, 1,64,1,600,600,1,0,0,64,0,0,0,0, Video OK
002, 2008-11-27 22:27:00, 4,73,2,175,177,4,0,0,73,0,0,0,0, Video OK
003, 2008-11-27 22:27:00, 0,0,0,600,600,0,0,0,0,0,0,0,0, Video OK
004, 2008-11-27 22:27:00, 1,85,1,600,600,1,0,0,85,0,0,0,0, Video OK
001, 2008-11-27 22:28:00, 1,76,0,600,600,1,0,0,76,0,0,0,0, Video OK
002, 2008-11-27 22:28:00, 3,77,2,102,104,3,0,0,77,0,0,0,0, Video OK
003, 2008-11-27 22:28:00, 4,69,2,206,206,4,0,0,69,0,0,0,0, Video OK
004, 2008-11-27 22:28:00, 0,0,0,600,600,0,0,0,0,0,0,0,0, Video OK
001, 2008-11-27 22:29:00, 1,68,1,600,600,1,0,0,68,0,0,0,0, Video OK
002, 2008-11-27 22:29:00, 5,69,1,128,130,5,0,0,69,0,0,0,0, Video OK
003, 2008-11-27 22:29:00, 3,77,1,242,244,2,1,0,74,85,0,0,0, Video OK
004, 2008-11-27 22:29:00, 3,70,0,213,214,3,0,0,70,0,0,0,0, Video OK
001, 2008-11-27 22:30:00, 0,0,0,600,600,0,0,0,0,0,0,0,0, Video OK
002, 2008-11-27 22:30:00, 5,77,2,71,74,5,0,0,77,0,0,0,0, Video OK
003, 2008-11-27 22:30:00, 2,74,0,400,400,2,0,0,74,0,0,0,0, Video OK
004, 2008-11-27 22:30:00, 0,0,0,600,600,0,0,0,0,0,0,0,0, Video OK
001, 2008-11-27 22:31:00, 3,79,0,333,333,2,1,0,80,77,0,0,0, Video OK
002, 2008-11-27 22:31:00, 2,66,0,46,50,2,0,0,66,0,0,0,0, Video OK
003, 2008-11-27 22:31:00, 1,68,0,600,600,1,0,0,68,0,0,0,0, Video OK
004, 2008-11-27 22:31:00, 1,85,0,600,600,1,0,0,85,0,0,0,0, Video OK
001, 2008-11-27 22:32:00, 3,76,1,333,333,3,0,0,76,0,0,0,0, Video OK
002, 2008-11-27 22:32:00, 5,77,1,66,68,5,0,0,77,0,0,0,0, Video OK
003, 2008-11-27 22:32:00, 3,81,0,253,254,3,0,0,81,0,0,0,0, Video OK
004, 2008-11-27 22:32:00, 2,78,0,400,400,2,0,0,78,0,0,0,0, Video OK
001, 2008-11-27 22:33:00, 0,0,0,600,600,0,0,0,0,0,0,0,0, Video OK
002, 2008-11-27 22:33:00, 2,70,0,400,400,2,0,0,70,0,0,0,0, Video OK
003, 2008-11-27 22:33:00, 2,78,0,400,400,2,0,0,78,0,0,0,0, Video OK
004, 2008-11-27 22:33:00, 0,0,0,600,600,0,0,0,0,0,0,0,0, Video OK
001, 2008-11-27 22:34:00, 2,77,0,400,400,2,0,0,77,0,0,0,0, Video OK
002, 2008-11-27 22:34:00, 2,74,1,400,400,2,0,0,74,0,0,0,0, Video OK
003, 2008-11-27 22:34:00, 2,70,1,400,400,2,0,0,70,0,0,0,0, Video OK
004, 2008-11-27 22:34:00, 3,81,1,68,69,3,0,0,81,0,0,0,0, Video OK
001, 2008-11-27 22:35:00, 3,69,1,237,238,3,0,0,69,0,0,0,0, Video OK
002, 2008-11-27 22:35:00, 0,0,0,600,600,0,0,0,0,0,0,0,0, Video OK
003, 2008-11-27 22:35:00, 0,0,0,600,600,0,0,0,0,0,0,0,0, Video OK
004, 2008-11-27 22:35:00, 0,0,0,600,600,0,0,0,0,0,0,0,0, Video OK
001, 2008-11-27 22:36:00, 1,85,0,600,600,1,0,0,85,0,0,0,0, Video OK
002, 2008-11-27 22:36:00, 2,77,0,400,400,2,0,0,77,0,0,0,0, Video OK
003, 2008-11-27 22:36:00, 1,76,0,600,600,1,0,0,76,0,0,0,0, Video OK
004, 2008-11-27 22:36:00, 3,85,0,115,116,3,0,0,85,0,0,0,0, Video OK
001, 2008-11-27 22:37:00, 1,85,0,600,600,1,0,0,85,0,0,0,0, Video OK
002, 2008-11-27 22:37:00, 4,79,2,240,241,3,1,0,77,85,0,0,0, Video OK
003, 2008-11-27 22:37:00, 3,77,2,36,37,3,0,0,77,0,0,0,0, Video OK
004, 2008-11-27 22:37:00, 1,85,0,600,600,1,0,0,85,0,0,0,0, Video OK
001, 2008-11-27 22:38:00, 0,0,0,600,600,0,0,0,0,0,0,0,0, Video OK
002, 2008-11-27 22:38:00, 6,76,2,64,66,6,0,0,76,0,0,0,0, Video OK
003, 2008-11-27 22:38:00, 2,77,0,400,400,2,0,0,77,0,0,0,0, Video OK
004, 2008-11-27 22:38:00, 1,68,1,600,600,1,0,0,68,0,0,0,0, Video OK
001, 2008-11-27 22:39:00, 3,82,0,333,333,3,0,0,82,0,0,0,0, Video OK
002, 2008-11-27 22:39:00, 6,69,2,59,60,6,0,0,69,0,0,0,0, Video OK
003, 2008-11-27 22:39:00, 2,76,0,400,400,2,0,0,76,0,0,0,0, Video OK
004, 2008-11-27 22:39:00, 5,78,2,66,68,5,0,0,78,0,0,0,0, Video OK
001, 2008-11-27 22:40:00, 1,85,0,600,600,1,0,0,85,0,0,0,0, Video OK
002, 2008-11-27 22:40:00, 4,85,0,186,186,4,0,0,85,0,0,0,0, Video OK
003, 2008-11-27 22:40:00, 5,78,1,82,84,5,0,0,78,0,0,0,0, Video OK
004, 2008-11-27 22:40:00, 2,76,0,63,66,2,0,0,76,0,0,0,0, Video OK
001, 2008-11-27 22:41:00, 1,85,1,600,600,1,0,0,85,0,0,0,0, Video OK
002, 2008-11-27 22:41:00, 3,74,1,122,124,3,0,0,74,0,0,0,0, Video OK
003, 2008-11-27 22:41:00, 2,57,2,83,87,2,0,0,57,0,0,0,0, Video OK
004, 2008-11-27 22:41:00, 3,76,1,333,333,3,0,0,76,0,0,0,0, Video OK
001, 2008-11-27 22:42:00, 0,0,0,600,600,0,0,0,0,0,0,0,0, Video OK
002, 2008-11-27 22:42:00, 3,64,1,298,299,3,0,0,64,0,0,0,0, Video OK
003, 2008-11-27 22:42:00, 5,73,4,202,204,5,0,0,73,0,0,0,0, Video OK
004, 2008-11-27 22:42:00, 2,85,0,400,400,2,0,0,85,0,0,0,0, Video OK
001, 2008-11-27 22:43:00, 0,0,0,600,600,0,0,0,0,0,0,0,0, Video OK
002, 2008-11-27 22:43:00, 5,79,1,36,38,5,0,0,79,0,0,0,0, Video OK
003, 2008-11-27 22:43:00, 2,70,0,44,47,2,0,0,70,0,0,0,0, Video OK
004, 2008-11-27 22:43:00, 6,76,3,50,59,6,0,0,76,0,0,0,0, Video OK
001, 2008-11-27 22:44:00, 0,0,0,600,600,0,0,0,0,0,0,0,0, Video OK
002, 2008-11-27 22:44:00, 4,76,2,71,73,4,0,0,76,0,0,0,0, Video OK
003, 2008-11-27 22:44:00, 4,75,0,202,203,4,0,0,75,0,0,0,0, Video OK
004, 2008-11-27 22:44:00, 1,72,0,600,600,1,0,0,72,0,0,0,0, Video OK
001, 2008-11-27 22:45:00, 1,47,0,600,600,1,0,0,47,0,0,0,0, Video OK
002, 2008-11-27 22:45:00, 4,76,1,225,227,4,0,0,76,0,0,0,0, Video OK
003, 2008-11-27 22:45:00, 1,85,0,600,600,1,0,0,85,0,0,0,0, Video OK
004, 2008-11-27 22:45:00, 2,80,0,400,400,2,0,0,80,0,0,0,0, Video OK
001, 2008-11-27 22:46:00, 1,76,1,600,600,1,0,0,76,0,0,0,0, Video OK
002, 2008-11-27 22:46:00, 1,72,0,600,600,1,0,0,72,0,0,0,0, Video OK
003, 2008-11-27 22:46:00, 4,69,0,168,168,4,0,0,69,0,0,0,0, Video OK
004, 2008-11-27 22:46:00, 2,81,0,400,400,2,0,0,81,0,0,0,0, Video OK
001, 2008-11-27 22:47:00, 0,0,0,600,600,0,0,0,0,0,0,0,0, Video OK
002, 2008-11-27 22:47:00, 6,72,3,79,81,6,0,0,72,0,0,0,0, Video OK
003, 2008-11-27 22:47:00, 2,72,0,44,44,2,0,0,72,0,0,0,0, Video OK
004, 2008-11-27 22:47:00, 4,77,3,74,77,4,0,0,77,0,0,0,0, Video OK
001, 2008-11-27 22:48:00, 2,80,0,400,400,2,0,0,80,0,0,0,0, Video OK
002, 2008-11-27 22:48:00, 1,68,1,600,600,1,0,0,68,0,0,0,0, Video OK
003, 2008-11-27 22:48:00, 4,80,2,77,78,4,0,0,80,0,0,0,0, Video OK
004, 2008-11-27 22:48:00, 2,74,1,400,400,2,0,0,74,0,0,0,0, Video OK
001, 2008-11-27 22:49:00, 1,85,0,600,600,1,0,0,85,0,0,0,0, Video OK
002, 2008-11-27 22:49:00, 2,66,1,400,400,2,0,0,66,0,0,0,0, Video OK
003, 2008-11-27 22:49:00, 3,75,0,200,202,3,0,0,75,0,0,0,0, Video OK
004, 2008-11-27 22:49:00, 1,72,0,600,600,1,0,0,72,0,0,0,0, Video OK
001, 2008-11-27 22:50:00, 2,72,0,400,400,2,0,0,72,0,0,0,0, Video OK
002, 2008-11-27 22:50:00, 2,78,0,400,400,2,0,0,78,0,0,0,0, Video OK
003, 2008-11-27 22:50:00, 0,0,0,600,600,0,0,0,0,0,0,0,0, Video OK
004, 2008-11-27 22:50:00, 1,73,0,600,600,1,0,0,73,0,0,0,0, Video OK
001, 2008-11-27 22:51:00, 0,0,0,600,600,0,0,0,0,0,0,0,0, Video OK
002, 2008-11-27 22:51:00, 1,64,0,600,600,1,0,0,64,0,0,0,0, Video OK
003, 2008-11-27 22:51:00, 0,0,0,600,600,0,0,0,0,0,0,0,0, Video OK
004, 2008-11-27 22:51:00, 1,68,0,600,600,1,0,0,68,0,0,0,0, Video OK
001, 2008-11-27 22:52:00, 1,68,0,600,600,1,0,0,68,0,0,0,0, Video OK
002, 2008-11-27 22:52:00, 4,74,0,186,187,4,0,0,74,0,0,0,0, Video OK
003, 2008-11-27 22:52:00, 1,68,0,600,600,1,0,0,68,0,0,0,0, Video OK
004, 2008-11-27 22:52:00, 1,64,0,600,600,1,0,0,64,0,0,0,0, Video OK
001, 2008-11-27 22:53:00, 1,72,0,600,600,1,0,0,72,0,0,0,0, Video OK
002, 2008-11-27 22:53:00, 1,72,1,600,600,1,0,0,72,0,0,0,0, Video OK
003, 2008-11-27 22:53:00, 2,76,1,3,5,2,0,0,76,0,0,0,0, Video OK
004, 2008-11-27 22:53:00, 1,72,0,600,600,1,0,0,72,0,0,0,0, Video OK
001, 2008-11-27 22:54:00, 1,76,0,600,600,1,0,0,76,0,0,0,0, Video OK
002, 2008-11-27 22:54:00, 2,78,0,400,400,2,0,0,78,0,0,0,0, Video OK
003, 2008-11-27 22:54:00, 0,0,0,600,600,0,0,0,0,0,0,0,0, Video OK
004, 2008-11-27 22:54:00, 3,80,0,213,214,3,0,0,80,0,0,0,0, Video OK
001, 2008-11-27 22:55:00, 2,80,0,400,400,2,0,0,80,0,0,0,0, Video OK
002, 2008-11-27 22:55:00, 6,72,1,47,48,6,0,0,72,0,0,0,0, Video OK
003, 2008-11-27 22:55:00, 0,0,0,600,600,0,0,0,0,0,0,0,0, Video OK
004, 2008-11-27 22:55:00, 0,0,0,600,600,0,0,0,0,0,0,0,0, Video OK
001, 2008-11-27 22:56:00, 1,56,1,600,600,1,0,0,56,0,0,0,0, Video OK
002, 2008-11-27 22:56:00, 4,74,1,45,48,4,0,0,74,0,0,0,0, Video OK
003, 2008-11-27 22:56:00, 3,71,3,146,147,3,0,0,71,0,0,0,0, Video OK
004, 2008-11-27 22:56:00, 3,74,4,114,114,3,0,0,74,0,0,0,0, Video OK
001, 2008-11-27 22:57:00, 2,80,2,71,74,1,1,0,76,85,0,0,0, Video OK
002, 2008-11-27 22:57:00, 5,81,2,179,181,5,0,0,81,0,0,0,0, Video OK
003, 2008-11-27 22:57:00, 3,80,3,46,50,3,0,0,80,0,0,0,0, Video OK
004, 2008-11-27 22:57:00, 5,79,3,59,62,5,0,0,79,0,0,0,0, Video OK
001, 2008-11-27 22:58:00, 1,76,0,600,600,1,0,0,76,0,0,0,0, Video OK
002, 2008-11-27 22:58:00, 3,72,2,333,333,3,0,0,72,0,0,0,0, Video OK
003, 2008-11-27 22:58:00, 4,78,0,201,201,4,0,0,78,0,0,0,0, Video OK
004, 2008-11-27 22:58:00, 0,0,0,600,600,0,0,0,0,0,0,0,0, Video OK
001, 2008-11-27 22:59:00, 0,0,0,600,600,0,0,0,0,0,0,0,0, Video OK
002, 2008-11-27 22:59:00, 4,80,1,9,11,4,0,0,80,0,0,0,0, Video OK
003, 2008-11-27 22:59:00, 4,59,1,251,252,4,0,0,59,0,0,0,0, Video OK
004, 2008-11-27 22:59:00, 1,85,0,600,600,1,0,0,85,0,0,0,0, Video OK
001, 2008-11-27 23:00:00, 1,68,0,600,600,1,0,0,68,0,0,0,0, Video OK
002, 2008-11-27 23:00:00, 4,69,2,75,77,4,0,0,69,0,0,0,0, Video OK
003, 2008-11-27 23:00:00, 1,76,0,600,600,1,0,0,76,0,0,0,0, Video OK
004, 2008-11-27 23:00:00, 2,62,0,400,400,2,0,0,62,0,0,0,0, Video OK
001, 2008-11-27 23:01:00, 0,0,0,600,600,0,0,0,0,0,0,0,0, Video OK
002, 2008-11-27 23:01:00, 4,70,2,84,86,4,0,0,70,0,0,0,0, Video OK
003, 2008-11-27 23:01:00, 3,73,0,242,243,3,0,0,73,0,0,0,0, Video OK
004, 2008-11-27 23:01:00, 1,85,0,600,600,1,0,0,85,0,0,0,0, Video OK
001, 2008-11-27 23:02:00, 2,85,0,400,400,2,0,0,85,0,0,0,0, Video OK
002, 2008-11-27 23:02:00, 2,80,0,400,400,2,0,0,80,0,0,0,0, Video OK
003, 2008-11-27 23:02:00, 0,0,0,600,600,0,0,0,0,0,0,0,0, Video OK
004, 2008-11-27 23:02:00, 2,80,0,400,400,2,0,0,80,0,0,0,0, Video OK
001, 2008-11-27 23:03:00, 1,85,0,600,600,1,0,0,85,0,0,0,0, Video OK
002, 2008-11-27 23:03:00, 1,76,0,600,600,1,0,0,76,0,0,0,0, Video OK
003, 2008-11-27 23:03:00, 2,74,1,400,400,2,0,0,74,0,0,0,0, Video OK
004, 2008-11-27 23:03:00, 5,79,1,160,161,5,0,0,79,0,0,0,0, Video OK
001, 2008-11-27 23:04:00, 2,76,0,400,400,2,0,0,76,0,0,0,0, Video OK
002, 2008-11-27 23:04:00, 3,76,0,333,333,3,0,0,76,0,0,0,0, Video OK
003, 2008-11-27 23:04:00, 1,85,0,600,600,1,0,0,85,0,0,0,0, Video OK
004, 2008-11-27 23:04:00, 3,78,1,74,76,2,1,0,74,85,0,0,0, Video OK
001, 2008-11-27 23:05:00, 1,85,0,600,600,1,0,0,85,0,0,0,0, Video OK
002, 2008-11-27 23:05:00, 3,85,2,218,218,2,1,0,85,85,0,0,0, Video OK
003, 2008-11-27 23:05:00, 2,85,0,400,400,2,0,0,85,0,0,0,0, Video OK
004, 2008-11-27 23:05:00, 3,80,0,70,72,3,0,0,80,0,0,0,0, Video OK
001, 2008-11-27 23:06:00, 2,72,2,400,400,2,0,0,72,0,0,0,0, Video OK
002, 2008-11-27 23:06:00, 2,74,1,400,400,2,0,0,74,0,0,0,0, Video OK
003, 2008-11-27 23:06:00, 1,76,0,600,600,1,0,0,76,0,0,0,0, Video OK
004, 2008-11-27 23:06:00, 2,80,0,400,400,2,0,0,80,0,0,0,0, Video OK
001, 2008-11-27 23:07:00, 1,76,1,600,600,1,0,0,76,0,0,0,0, Video OK
002, 2008-11-27 23:07:00, 4,73,2,225,226,4,0,0,73,0,0,0,0, Video OK
003, 2008-11-27 23:07:00, 2,70,1,400,400,2,0,0,70,0,0,0,0, Video OK
004, 2008-11-27 23:07:00, 1,68,0,600,600,1,0,0,68,0,0,0,0, Video OK
001, 2008-11-27 23:08:00, 3,76,3,48,50,3,0,0,76,0,0,0,0, Video OK
002, 2008-11-27 23:08:00, 4,73,1,176,177,4,0,0,73,0,0,0,0, Video OK
003, 2008-11-27 23:08:00, 1,76,0,600,600,1,0,0,76,0,0,0,0, Video OK
004, 2008-11-27 23:08:00, 3,77,1,96,97,3,0,0,77,0,0,0,0, Video OK
001, 2008-11-27 23:09:00, 2,59,0,125,128,2,0,0,59,0,0,0,0, Video OK
002, 2008-11-27 23:09:00, 2,70,0,400,400,2,0,0,70,0,0,0,0, Video OK
003, 2008-11-27 23:09:00, 1,39,2,600,600,1,0,0,39,0,0,0,0, Video OK
004, 2008-11-27 23:09:00, 2,85,1,400,400,2,0,0,85,0,0,0,0, Video OK
001, 2008-11-27 23:10:00, 0,0,0,600,600,0,0,0,0,0,0,0,0, Video OK
002, 2008-11-27 23:10:00, 2,80,1,400,400,1,1,0,76,85,0,0,0, Video OK
003, 2008-11-27 23:10:00, 1,72,1,600,600,1,0,0,72,0,0,0,0, Video OK
004, 2008-11-27 23:10:00, 3,77,0,225,227,2,1,0,74,85,0,0,0, Video OK
001, 2008-11-27 23:11:00, 1,76,0,600,600,1,0,0,76,0,0,0,0, Video OK
002, 2008-11-27 23:11:00, 3,68,2,96,98,3,0,0,68,0,0,0,0, Video OK
003, 2008-11-27 23:11:00, 0,0,0,600,600,0,0,0,0,0,0,0,0, Video OK
004, 2008-11-27 23:11:00, 2,85,1,9,11,2,0,0,85,0,0,0,0, Video OK
001, 2008-11-27 23:12:00, 0,0,0,600,600,0,0,0,0,0,0,0,0, Video OK
002, 2008-11-27 23:12:00, 5,71,1,167,169,5,0,0,71,0,0,0,0, Video OK
Bin Stop